63360666

1166661666 610.

'leodiensis episc. 9, 11, 26, 27, 30, 32.

1161166616272.280. 436, 437, 462. 4661 41, 62, 61, 74, 131, 136, 140. 197,

1166161 610.
Hulstius 1166614616664.
Hungaria 51 etc.

1166166 501.
llupsstein 505, 648.

Huss Joannes 69, 80, 181, 184, 187.

237.
1166611663, 10.

199, 210, 227, 264, 276, 278, 280.
282. 290, 293, 299, 438, 448, 462,
463, 660,

· Leumpach 511.
7 Levinus 84, 407.

Hune„ 015015 10, 16, 31, 32. 33, 00, '

103, 110. 126, 131, 134. 142, 163,

164. 166, 167,168, 160, 160. 162, ¹

199, 207. 208, 2011, 211. 226, 235,

242. 252, 272, 275. 297, 200, 300. '

11erta1 501, 616.

16661161 614.

Ingolstat 511. 640. 647.

166611666666 610.

1666616611 382, 4115
486. 607.

16666 648.

[rsa 513.

11611 116.

116116 42, 44, 46, 51.

Jambach 548.

Joachinus 1116666661ρί 78. 80, 160, 167,

168, 208, 2611, 270, 412. 413, 443.
Julianus de Medicis 570 61 seq.
Keistnar 501.

Kirchberg 511.
Kirchen 514.
Kirchlauter 5111.
Kisiaro 646.

Kiiziug 512.
Kleinach 511.
Kleissenau 610.
Komberg 260.
Kungshosen 508, 500, 546.
11616116 511.

Lahingen 546.
Lancheim 610.
Lanspergium 540.
Lapponia 309.
Lausanna 376.
Laybach 642.

Ledlitz 510.

Leiphaim 602. 646.

1 6116166611 611.
Iemerszheim 612, 648.

, 428. 466. 4711.

Lorch 513.

Lotharingia 475, 477, 478, 481, 404, 648.

Lovanium 26, 36, 101, 113, 250, 267,
293, 550, 555, 666.

Lubecca 360

Luikirch 501.

Lunreunt 511.

Lutherus Martinus 1, 3, 6, 6, 7. 8. 0,
12.13,14, 16, 17, 18, 22, 23. 25.
20, 28. 20. 31, 32, 33, 36, 36, 38,
39. 40, 42, 43, 62, 53, 54, 66, 56.
58, 59, 00, 67. 69, 70. 71, 72, 73,
74. 76, 76. 78, 81. 86, 87, 88, 011,
01, 02, 04. 05, 06, 07, 101, 102103,
104, 107, 108, 111, 112, 113, 116,

1 116,117. 118, 110, 120,121, 122,
; 123,126, 130, 131, 133, 134, 135,
136, 137, 138, 140, 141. 145. 146,
; 147, 149, 151, 162, 153, 166, 168.
Joannes Saxoniae 11611606. 645. 648. “

1661611161, 166161, 116, 100.
170, 111, 172. 116, 175, 116, 780,

⁴ 1811831115. 186, 187,188, 180,

100, 194. 195. 196. 108, 201. 202,
204, 206. 206, 207, 209, 212, 213,
214, 218, 219, 220, 223, 224, 225,

³ 227, 228, 220, 230, 232, 234, 235,

236, 250, 240, 241. 245, 251, 260.
161666, 166161, 166611, 275,
11666, 288. 205, 298, 300, 666.
666319, 351, 357, 375, 300, 420.
66661. 513. 552. 553, 555, 557.

’ 662, 687.

Magdeburgum 2611321, 390, 408. 4111.
421, 466, 634.
Magnus Joannes 303.

’ 1116661611 (comites de) 260, 568.

Marchtelszpach 648.

’ Margareta .·1rchi‹1. 361, 379, 426. 436.

Μ61113611 501.

¹ Martech 510.

Martha] 513

¹ Marx 610.

Melanchton Ρ61116664· 237.
Memingen 505, 513, 647, 540.

leoX. 1, 4, 17, 80, 113, 160, 320,1Μ6166 507
337, 343, 401, 432, 497, 639, 654, 1 11166611ιὲ602, 647.

 

