Index nominum.

,4501 10005110 63, 74, 142.

Academia Germanica 144, 155, 207,

208, 246.
,43015010 011

Baleringen 501.
Baltringen 545.
Baluhausen 547,
1 ..0111010100 1011, 1011, 1111, 0111010,

Adrianus 411 300, 303, 309, 337, 340 512, 546.

433, 539, 544, 554.

,41011400 Lucas 15

,415110 dux 28, 511, 51, 212.

,4150100005 514

’,41501 1011011010 episcopus 534.

,4100050191010111111110417,53,58,116,1
67, 129, 1511, 2115, 339, 554

4100110488, 492, 499, 5112, 503, 507,
512, 542, 540, 547, 549.

,4100110 366, 381, 382, 473, 474, 477,1
478. 479, 523, 548.

,4110115018 5116, 510.

,4110001010 511.

.4111511101110((,“,111101111110)47, 111, 84, 217,1
277

,4011111111ιο 1011110411. 62, 63, 64, 65.
1411384 141,142,154,159 1117201

,4110010105 5116.

4ος110 34.

,4115011000 514.

,4111οο1110 Lotharmg1 10 Dux 473, 504.

,41111010 0,.11411111011110129, 34, 79, 81, 93,
1111, 271. 273, 274, 278, 279, 286,1
287, 289, 515. 555 560.

,4101105013υο 52

,4130011000010 episc. 01 cccl. 74. 293,
457, 497, 4118, 543.

,411101011010111 511.

,4111010 511.

1411310507.

,4115001041,97,103,164, 135, 227,,
329. 339, 341, 564, 366. 370, 374,·
398, 405, 467, 493, 497, 498, 502
5116, 515, 516, 513, 532, 535, 542,
543, 567

Augustinus (S.) 94, 403.

1101100010 marchio 195, 367. 403, 405,

414, 457, 504, 517.
1100110111 Achilles 42.
- Horatius 42.

9011101110 53
Basilaea l-,16 453, 493.
, 9101010510.
Battemburg 510.
Ravariae 911000. 31111, 405, 459, 467.
481, 515, 547,
Beblingen 503, 545.
’ 901011ςο111ιο 79.
= Berhucus Udalricus 15.
Bernheim 511.
1 Beuren 513.
Bibra 510.
9105001001 513
Bildhausen 5011
i 13in1bach510.
9110500105 5111, ῖ,111
1 1111101110 559, 551
Bohaemi baeretici 3, 18, 47, 57, 33.
,9050011110 113, 235, 327, 365, 371, 372,
, 374, 393, 395, 402, 409, 410, 411,
1 412, 415, 424, 425, 427, 428. 435,
1 443, 450, 41111 465, 485, 547, 563,
564
Bombasius 126,
1 90110111 507.
1 Brandeburgensis 1110101110 511, 72, 74,
g 126, 139, 147, 148. 171, 134. 195,
, 203, 211, 215, 217, 247, 248, 270,
350, 41111, 405 425, 503, 504, 511.
517, 547.
- Episcopus 157, 163, 203, 212.
Brechhaymer 411111501111118.
9101110 417, 429
911κί000459, 466, 467, 41.17 51111. 5117, 533.
'Bruges 284, 285 286.
9111101100 259, 2112, 271, 273, 286, 289,
546.
, 9110501111 5112,
9110501111. 513.
’1 Buchonia 543.

 

