ο91581451

Ferdinandus Archid. .1ustriae 11. 9911, 1 3411, 353. 9118, 972, 977. 9819911.

19145115. 5111, 4444, 4441. 1 4494. 444. 4444, 4141, 4444, 4414, 4444,
messe„ 444. 1 441. 4444. 444, 444. 441. 444, 4444.
44444444 42, 441, 444, 414. 444, 444, 4444. “ 4414, 444, 444), 4444, 444. 444. 444.

252. 2611, 2112, 289, 289, 295, 515, , 537, 5511. 5611, 567,

518, 598, 5611. , 1116415141511.
Floreta Antonii 571141 seq. 1111411 511.

Florianus de Je11 51111 (1144145444,1 5111, 592,
Forcheim 5111. 1114441441 5111, 5111.
F ranconia 158, 5111. 1 Gleichenberg 511.
Francsordium 119. 116, 241. 211, 299, Ι Gulunden 511.

176. ζ 1144411449 5112, 517.
Franckenhausen 5115. , ‹irossenlacheim 5111.
Francksperger seu 1⁴‘rundsperg Georgius Ι (144414 511.

186, 519. ¹ Grundcn 511.
1··rawental 5111, : (iundclfingen 516.

1141441415 511. ! (iurccnsis Card. 211. 12. :3:1, 135·
Fridericus Dux saxoniae 1. 25, 27, 29. · Haeremberg 509, 515.

99, 11, 511. 57, 511. 111, 72, 73, 99, 11411144444444 198

131. 133. 1311, 1111, 115, 152. 155, 1141144151 512

4444. 4444. 4444, 444. 444, 4144. 4444, 1 4444441444).

1115. 2116. 2147, 2118. 2119, 211. 212, ’ 1141144414441511.

219. 2111. 299, 211. 219, 2119. 291, 1 1144144516.

911119112915.1181221115. 5115, , 1154444441141444444, 5311.

515. 11441114 Andreas 19, 5111.

114145444414444414444 5111. . Hassia1511

Frisinga 158. 1144441444 144441444441444 211. 291. 2111. 5115.
Fugger seu Fuccarus 19. 219. 9111. 121. 5116, 512. 518. 568.

489, 199. 521. Hasszbach 5111

Ι Fulda 158, 5116. 1141444415 159.

Fuldensis abbas 32, 518 Heidelberg-a 156, 219, 51111

(1444414444444 272, 273. 2811, 291, 289, 2811. Heidelheim 511

Gantzendor1'5111. Heidenseld 51111

&edanum 596. Heiligsprunn 511

Geierberg 5111. 11e11enstein 5112, 515.

Geinlenreut 5111. Henricus Angliae 444 229. 282, 9611.
Georgius 11444 saxoniae 11, 79, 1211. 259, 121, 128.

911. 9911. 1115. 122. 125. 158. 1711. -- comes de Nassau 113.

181, 5115, 512, 518. - (lomes Palatinus Rheni 3511, 971.
Georgius de 1944114445,1 5118. 1144614444111·1581117197. 5111, 5118, 51111.
- de Wertheim 5118. 512, 5111.

(ietzo de Berlachim 5118. 114444444114 511.
Germania 10, 21. 25. 911, 99. 95, 97, 911, Heule 11⁷011gangus 15.

10. 11. 15, 111. 17, 511. 51, 51. 55. 11441444 7,

58, 59, 62, 66, 69, 71, 72. 71. 711, 82, Hieronymu* (84 92.

85, 86, 118. 91. 95, 97, 98, 1111. 11174, Hieronymus 41 11441544 1111.

118. 121. 121. 128, 192 . 199, 1911, 1111deshaeeimcnsis¹ episcopus 212.

199. 1111. 112119, 116, 155. 159, ’ Hindenhausen 511.

1911, 1112. 169. 171. 179. 187, 2111. 11irsaro 511.

2119. 2117. 2118. 2119, 221, 229. 221, Hispania 11. 511. 51. 113. 711, 959, 3117. Ι

226, 229, 292. 211. 212 215. 258, 3711, 1211, 112. 181, 511.

261). 267. 2911. 297, 298. 299. 316, . Hitzinge 518.

929, 921, 926, 927, 395. 999, 915, , 110cstratum 59.

 

