0-1351381xpo

103, 1110.116.1:13. 101110, 157.
161, 1811.·21111.206. 203. 220211.

261, 275. 369, 370, 398, 128. 119.
1101000111 506
Ror. 510.
1100110011, 312. 313. 314. 315. 010, ³

350, 391. 1011, 116. 121. 129. 1511. ’

166, 170
11011 510. 517.

1101101 501
1< ottemburg 516.

Rottensels 511.

Rottenheim 511.

Ruttenstein 510.

Rugen 5111.

Rusembach 511

Rustici 151. 158. 177. 179. 160. 181.
162. 186. 501, 502. 506. 5115. 5117.
508, 512, 516, 517, 516, 5511

Sabema 1, 211,

sachsendors 511.

¹&alamancha 363. 1111, 116. 129. 151.
161. 189, 190, 193. 523.

salzpurgensis episc. 13. 72. 71. 15. 76.
167, 161, 197. 515. 538. 512. 519.

Sahpurgum 187, 192. 507. 515, 5194

50010101οη15 011111· 100. 1111. 125.

Sant Clara 510.

sant Johan 5111.

satszen 511,

saxonia 52, 79, 67. 99, 293. 300, 301.
158.

schaffusia 5111.

505.

schengar· 5111.

Schimelberg 5111. 515.

Ι601111111110011 590.

8011000011 51111.

Schonseld 510.

Schrowieler 5115.

Schwamberg 511.

Schwartzbaeh 509

Schweinhaid 510.

6011010111 510

Scudelfingen 503, 515.

Sedes Apostolica 1, 3. 6. 7, 9. 10. 1111,
11. 16. 17. 65. 66, 67, 70, 71. 67.
117. 98. 101. 107, 116, 119, 122, 121,
126, 1271126. 129, 1:10. 118, 119.
150. 151. 166. 167. 169. 173, 1711.
2111, 2211, 222, 223, 235, 236, 243.
256, 257, 260, 265, 266, 292, 299,

312. 320, 321, 332. 331. 337. 312,
314, 316. 353, 369, 371, 101, 106,
130, 141, 119, 155. 156. 163, 168,
171,172. 173, 183161, 191, 193.
195. 511, 518. 523, 525. 529, 530.
5119. 510. 511, 511, 551, 558, 562,
566. ’

sedunensis Card. 11, 12, 52, 53, 71,
78, 101, 215, 250.

Seinetzhausen 5011.

Seunemberg 136.

Sichler Nikolaus 130, 221.

⁴ Sickingen. (1101101101 33. 132, 151. 155.
1 159. 160. 170. 199. 207, 209. 210.

225, 233. 237. 211. 215. 216. 217.
255.

siversperg 51111.

Speckseld 511.

Spengler Lazarus 251, 271.

spiegel Jacobus 19, 76, 111. 115, 156,
157, 168, 2112, 203, 221. 231, 210,
250103.

80110330, 105157. 191, 196, 529, 512.

Sprenger joannes 16. 2115.

61011011111011,γ 511.

Stein 506.

Steinbach 5111.

steinberg 510.

Steinetzhausen 517.

steingaden 1119, 5131.

91011011 501, 506.

Stertzing 507.

1 Sthaplar Christoph'5131.
8060651060]ῐο 19, 1511. 2112, 231, 263.

6111101111οῐ 506.
5110110000 5111.
Stistembergz 5111.
Stolloerg 5111.
8100006011 511.

. Strautz Jac. 5115.

Stroreitter 5111

Stubach 511.

Stunica 305, 306, 307.

60111110ῐά10 361, 382. 5113.

Sugenheim 511.

Sultz 511.

Suntheim 511.

Sveviae Liga 123. 132. 157, 159, 169.
1811, 192, 501, 502. 503. 512, 515.
513. 519.

’10110111 5111.

Tagstein 5115.

Tarcereus Laurentius 192.

T asthendors 511.

 

